   Point Forecast     Lo 80     Hi 80      Lo 95     Hi 95
12       61.32616 56.260520  66.39179  53.578934  69.07338
13       63.24968 51.698707  74.80065  45.583993  80.91536
14       65.17320 46.942382  83.40401  37.291573  93.05482
15       67.09671 41.513564  92.67986  27.970662 106.22277
16       69.02023 35.320331 102.72013  17.480681 120.55978
17       70.94375 28.323486 113.56402   5.761681 136.12582
18       72.86727 20.491110 125.24343  -7.235153 152.96969
19       74.79079 11.787310 137.79427 -21.564717 171.14629
20       76.71431  2.168583 151.26003 -37.293539 190.72215
21       78.63783 -8.417620 165.69327 -54.501990 211.77764
